50
181;50
174;50
100;50
1;50
172;50
127;50
174;181
174;181;50
50;98
172;174
1;181
100;181
1;181;50
172;174;50
258;50
172;181;50
174;98
100;181;50
222;50
50;7
50;56
210;50
204;50
174;204
172;174;181
50;79
121;50
172;174;181;50
100;7
174;210
174;79
174;56
174;50;98
173;50
117;50
127;181
181;222
181;50;98
121;181
127;181;50
181;258
181;222;50
195;50
168;50
237;50
173;174
174;195
181;210;50
174;204;50
174;210;50
181;204;50
117;181
174;50;79
121;181;50
181;50;7
181;258;50
168;174
100;237
183;50
173;174;50
257;50
172;50;98
174;50;56
50;69
258;300
174;69
172;210;50
172;204;50
181;50;79
174;181;98
174;22
22;50
50;89
50;96
173;181;50
174;181;210
117;181;50
1;174;50
1;100;50
174;96
172;174;210
423;50
174;195;50
181;50;56
174;181;50;98
174;183
151;50
172;174;204
174;181;210;50
174;181;204
100;174;50
176;50
172;174;98
168;174;50
172;174;210;50
174;176
174;423
172;50;79
172;174;204;50
174;181;204;50
174;89
172;174;50;98
174;28
318;50
172;181;210;50
100;286
28;50
181;195;50
288;50
202;50
216;50
173;174;181
174;181;79
258;288
174;183;50
50;64
168;181;50
100;50;7
294;50
174;191
191;50
181;257
174;64
174;22;50
172;195;50
172;173;50
173;174;181;50
172;181;204;50
100;50;98
405;50
174;50;69
174;181;50;79
50;56;98
172;174;79
100;127;50
174;216
172;173;174
172;181;50;98
172;174;181;210
172;50;56
258;286
174;50;96
181;257;50
151;181
204;210;50
174;50;89
174;423;50
172;174;195
174;318
174;204;210
172;174;181;210;50
172;174;50;79
181;237;50
174;181;56
174;176;50
1;174;181
234;50
121;405
174;181;195
181;50;69
172;173;174;50
204;50;98
1;172;50
100;50;56
181;183;50
181;22;50
172;174;181;204
1;174;181;50
50;82
234;98
174;181;195;50
174;204;98
172;174;56
174;181;50;56
127;174;50
228;50
174;202
181;423;50
100;9
151;181;50
172;174;195;50
168;172;50
172;173;181;50
172;174;181;204;50
174;82
181;50;96
172;50;96
1;222;50
172;174;181;98
174;56;98
168;172;174
174;79;98
50;79;98
172;174;181;50;98
1;100;181
100;12
12;50
174;28;50
168;174;181