enter input file for recommendations -> recommendations for HC-HD 815 673 186 265 381 707 183 310 172 790 53 154 662 409 89 380 167 652 155 7 216 31 238 676 100 743 369 237 95 509 157 278 428 13 596 712 101 1017 324 179 1178 747 208 1098 90 762 232 20 764 22 287 122 508 240 411 180 191 1045 168 953 164 258 294 204 1039 196 1074 181 886 475 217 723 135 290 72 209 554 631 69 724 955 151 559 1048 161 1054 456 584 738 77 42 866 52 1209 145 566 739 628 856 959 410 451 92 86 581 66 200 111 537 281 833 553 946 721 660 780 215 521 941 746 173 458 1132 -> 174 50


recommendations for HC 815 673 186 265 381 707 183 310 172 790 53 154 662 409 89 380 167 652 155 7 216 31 238 676 100 743 369 237 95 509 157 278 428 13 596 712 101 1017 324 179 1178 747 208 1098 90 762 232 20 764 22 287 122 508 240 411 180 191 1045 168 953 164 258 294 204 1039 196 1074 181 886 475 217 723 135 290 72 209 554 631 69 724 955 151 559 1048 161 1054 456 584 738 77 42 866 52 1209 145 566 739 628 856 959 410 451 92 86 581 66 200 111 537 281 833 553 946 721 660 780 215 521 941 746 173 458 1132 -> 100 174 50


recommendations for HC-HD 474 317 281 486 181 625 1346 252 152 8 842 477 261 432 151 98 418 465 1142 660 652 172 498 144 195 496 237 200 473 286 502 311 651 993 69 71 197 213 28 507 274 202 185 503 178 203 596 99 511 471 183 864 483 705 527 194 294 58 430 134 23 318 1 79 257 133 118 97 514 588 530 603 127 186 435 951 22 866 205 -> 69 174 50


recommendations for HC 474 317 281 486 181 625 1346 252 152 8 842 477 261 432 151 98 418 465 1142 660 652 172 498 144 195 496 237 200 473 286 502 311 651 993 69 71 197 213 28 507 274 202 185 503 178 203 596 99 511 471 183 864 483 705 527 194 294 58 430 134 23 318 1 79 257 133 118 97 514 588 530 603 127 186 435 951 22 866 205 -> 69 174 50 98


recommendations for HC-HD 451 427 471 425 71 654 512 483 79 50 189 187 61 923 529 186 347 203 238 209 679 131 216 14 302 210 1411 169 610 733 947 1101 338 212 298 151 806 357 638 156 249 660 602 154 239 557 178 511 100 174 530 190 134 305 81 129 268 258 272 778 1456 655 83 289 207 921 550 7 175 405 201 246 423 98 856 527 183 1104 963 96 628 12 904 582 200 748 690 163 168 479 153 631 971 327 -> 174 173 127 50 98 1 117 195 181 172 100 168 121 69 89 176 56 204 79


recommendations for HC 451 427 471 425 71 654 512 483 79 50 189 187 61 923 529 186 347 203 238 209 679 131 216 14 302 210 1411 169 610 733 947 1101 338 212 298 151 806 357 638 156 249 660 602 154 239 557 178 511 100 174 530 190 134 305 81 129 268 258 272 778 1456 655 83 289 207 921 550 7 175 405 201 246 423 98 856 527 183 1104 963 96 628 12 904 582 200 748 690 163 168 479 153 631 971 327 -> 127 98 286 121 258 313 89 56 204 195 174 50 117 172 181 69 79 268 237 173 1 300 176 100 168


recommendations for HC-HD 347 557 733 201 602 480 12 660 131 530 686 203 223 663 405 1485 505 287 7 1512 190 904 83 1018 97 451 856 168 242 428 172 33 154 947 792 1456 151 200 748 121 286 71 302 971 14 305 163 170 183 135 529 49 471 59 923 156 181 566 484 610 793 191 478 311 315 160 239 408 86 16 357 143 650 153 195 806 180 317 50 210 81 475 550 300 289 42 89 61 690 174 198 66 212 527 778 69 1101 338 483 216 654 169 -> 98 121 222 258 56 183 204 174 50 117 172 181 69 79 237 173 318 210 1 100 176 168


recommendations for HC 347 557 733 201 602 480 12 660 131 530 686 203 223 663 405 1485 505 287 7 1512 190 904 83 1018 97 451 856 168 242 428 172 33 154 947 792 1456 151 200 748 121 286 71 302 971 14 305 163 170 183 135 529 49 471 59 923 156 181 566 484 610 793 191 478 311 315 160 239 408 86 16 357 143 650 153 195 806 180 317 50 210 81 475 550 300 289 42 89 61 690 174 198 66 212 527 778 69 1101 338 483 216 654 169 -> 98 64 121 222 258 56 183 204 174 50 117 172 181 69 79 237 173 318 210 1 176 100 168 96


recommendations for HC-HD 86 14 98 463 69 517 23 492 478 508 469 357 275 221 532 211 180 297 500 475 509 134 525 209 19 154 175 523 498 188 213 432 515 156 205 133 70 481 151 479 487 131 528 467 136 32 15 135 513 125 484 199 183 499 197 195 488 466 193 483 526 238 81 208 423 486 59 124 56 521 470 204 187 518 248 511 304 189 506 269 87 318 534 524 100 480 536 21 200 494 165 22 419 50 520 -> 237 174 222 318 127 7 50 98 100 181 168 172


recommendations for HC 86 14 98 463 69 517 23 492 478 508 469 357 275 221 532 211 180 297 500 475 509 134 525 209 19 154 175 523 498 188 213 432 515 156 205 133 70 481 151 479 487 131 528 467 136 32 15 135 513 125 484 199 183 499 197 195 488 466 193 483 526 238 81 208 423 486 59 124 56 521 470 204 187 518 248 511 304 189 506 269 87 318 534 524 100 480 536 21 200 494 165 22 419 50 520 -> 237 174 222 318 127 7 50 98 1 210 286 100 181 168 172 56


recommendations for HC-HD 498 382 21 65 712 12 1016 182 302 59 433 132 111 114 258 1073 24 464 401 443 4 1118 559 28 157 135 281 716 473 421 96 527 8 89 856 153 298 1136 306 100 955 183 173 147 179 121 209 235 232 225 697 475 508 318 213 845 176 815 180 664 1131 1074 125 660 286 423 181 20 541 328 1012 164 3 514 216 229 228 168 14 162 55 47 710 9 250 188 273 252 -> 174 50 98 258 100


recommendations for HC 498 382 21 65 712 12 1016 182 302 59 433 132 111 114 258 1073 24 464 401 443 4 1118 559 28 157 135 281 716 473 421 96 527 8 89 856 153 298 1136 306 100 955 183 173 147 179 121 209 235 232 225 697 475 508 318 213 845 176 815 180 664 1131 1074 125 660 286 423 181 20 541 328 1012 164 3 514 216 229 228 168 14 162 55 47 710 9 250 188 273 252 -> 174 50 98 300 258 286 100


recommendations for HC-HD 1014 208 379 171 143 288 153 99 357 746 298 175 73 44 85 154 1316 231 34 721 709 258 628 133 7 689 151 158 83 655 1039 341 269 100 1265 465 272 1035 248 164 432 142 642 196 228 419 96 815 234 683 191 1091 559 11 20 405 89 1503 277 1113 50 309 738 354 477 1140 1194 596 55 168 289 554 404 77 1 636 57 195 881 88 1286 25 268 329 574 778 710 290 1202 640 155 766 732 792 127 66 275 949 423 91 1504 472 393 167 768 381 1280 125 186 47 597 394 251 658 552 1105 -> 174 173 318 210 50 98 1 258 117 100 181 172 121 204 79


recommendations for HC 1014 208 379 171 143 288 153 99 357 746 298 175 73 44 85 154 1316 231 34 721 709 258 628 133 7 689 151 158 83 655 1039 341 269 100 1265 465 272 1035 248 164 432 142 642 196 228 419 96 815 234 683 191 1091 559 11 20 405 89 1503 277 1113 50 309 738 354 477 1140 1194 596 55 168 289 554 404 77 1 636 57 195 881 88 1286 25 268 329 574 778 710 290 1202 640 155 766 732 792 127 66 275 949 423 91 1504 472 393 167 768 381 1280 125 186 47 597 394 251 658 552 1105 -> 174 173 318 210 50 98 1 258 117 313 286 100 172 181 168 64 121 204 79


recommendations for HC-HD 222 673 318 304 96 365 11 892 588 478 291 241 665 402 227 72 265 586 229 191 820 225 431 286 528 831 7 218 121 357 25 143 82 29 33 205 294 570 45 151 38 578 15 173 313 174 685 743 473 231 208 373 584 196 560 391 2 1060 768 840 929 802 183 8 215 112 148 559 1228 717 228 1411 210 674 276 50 147 576 660 597 542 123 363 432 692 135 1049 258 771 88 1139 56 125 755 420 140 393 739 419 58 99 -> 174 204 210 7 50 1 98 300 96 181 172 168 176 100 56 195 79


recommendations for HC 222 673 318 304 96 365 11 892 588 478 291 241 665 402 227 72 265 586 229 191 820 225 431 286 528 831 7 218 121 357 25 143 82 29 33 205 294 570 45 151 38 578 15 173 313 174 685 743 473 231 208 373 584 196 560 391 2 1060 768 840 929 802 183 8 215 112 148 559 1228 717 228 1411 210 674 276 50 147 576 660 597 542 123 363 432 692 135 1049 258 771 88 1139 56 125 755 420 140 393 739 419 58 99 -> 98 64 258 56 204 195 174 228 50 117 181 172 79 210 7 1 300 176 100 168 96


recommendations for HC-HD 40 204 70 97 527 274 357 161 380 58 502 135 96 631 134 219 255 465 722 160 501 404 216 447 202 49 186 200 176 73 25 403 484 238 50 735 44 65 188 185 257 211 679 182 692 419 187 523 276 751 953 152 864 197 300 88 179 127 210 420 411 154 1012 629 172 23 94 56 180 195 517 568 327 435 -> 183 174 127 50 1 98 258 100 181 89 56 204 79


recommendations for HC 40 204 70 97 527 274 357 161 380 58 502 135 96 631 134 219 255 465 722 160 501 404 216 447 202 49 186 200 176 73 25 403 484 238 50 735 44 65 188 185 257 211 679 182 692 419 187 523 276 751 953 152 864 197 300 88 179 127 210 420 411 154 1012 629 172 23 94 56 180 195 517 568 327 435 -> 174 204 127 210 50 98 1 258 195 172 181 168 100 89 56 183 79


recommendations for HC-HD 165 466 181 54 66 172 23 152 77 187 239 191 647 478 205 4 234 792 237 663 321 530 404 770 196 410 520 470 566 971 431 735 153 216 162 56 519 132 52 523 708 51 511 317 648 30 1 510 202 433 218 117 124 517 1220 509 284 26 185 527 58 215 471 161 744 175 514 44 588 98 12 195 198 526 739 226 188 946 443 203 83 144 7 616 99 127 94 210 193 71 427 479 660 482 192 1093 180 951 64 95 70 939 100 491 485 31 154 628 197 135 633 178 90 194 503 357 546 498 625 481 -> 174 127 50 98 100 56


recommendations for HC 165 466 181 54 66 172 23 152 77 187 239 191 647 478 205 4 234 792 237 663 321 530 404 770 196 410 520 470 566 971 431 735 153 216 162 56 519 132 52 523 708 51 511 317 648 30 1 510 202 433 218 117 124 517 1220 509 284 26 185 527 58 215 471 161 744 175 514 44 588 98 12 195 198 526 739 226 188 946 443 203 83 144 7 616 99 127 94 210 193 71 427 479 660 482 192 1093 180 951 64 95 70 939 100 491 485 31 154 628 197 135 633 178 90 194 503 357 546 498 625 481 -> 174 127 50 98 100 56 204 79


