544=>289 | 0.75
292 310=>288 | 0.5
289 310=>288 | 0.5
288 310=>289 | 0.5
301=>292 | 0.5
288 295 466=>289 | 0.4166666666666667
289 295 466=>288 | 0.4166666666666667
288 295 466 89=>289 | 0.375
289 295 466 89=>288 | 0.375
288 295=>289 | 0.375
289 295=>288 | 0.375
288 466=>289 | 0.375
289 466=>288 | 0.375
288 295 89=>289 | 0.3333333333333333
289 295 461=>288 | 0.3333333333333333
288 295 461=>289 | 0.3333333333333333
288 466 89=>289 | 0.3333333333333333
289 295 89=>288 | 0.3333333333333333
289 466 89=>288 | 0.3333333333333333
288 292 295 466=>289 | 0.3125
289 292 295 466=>288 | 0.3125
288 461 466 89=>289 | 0.3125
288 289 295 466=>292 | 0.3125
288 292 295 466 89=>289 | 0.3
289 292 295 466 89=>288 | 0.3
288 289 295 466 89=>292 | 0.3
288 295 300 466 89=>289 | 0.25
289 292 295 461=>288 | 0.25
289 295 333 466=>288 | 0.25
288 295 333 466=>289 | 0.25
288 295 300 466=>289 | 0.25
288 292 295 89=>289 | 0.25
288 292 466 89=>289 | 0.25
288 292 295 461=>289 | 0.25
288 295 466 701=>289 | 0.25
292 523=>289 | 0.25
292 461 466 89=>289 | 0.25
288 461 89=>289 | 0.25
288 292 461 466=>289 | 0.25
288 292 295=>289 | 0.25
289 295 300 466=>288 | 0.25
289 292 295 89=>288 | 0.25
289 295 466 701=>288 | 0.25
288 292 466=>289 | 0.25
289 292 466 89=>288 | 0.25
289 295 300 466 89=>288 | 0.25
288 89=>289 | 0.25
289 292 466=>288 | 0.25
289 292 295=>288 | 0.25
289 292 461 466=>288 | 0.25
289 523=>292 | 0.25
288 289 295 89=>292 | 0.25
288 289 295=>292 | 0.25
289 461 89=>288 | 0.25
288 289 292 295=>89 | 0.25
289 89=>288 | 0.25
288 289=>89 | 0.25
89=>289 | 0.25
288 289 295 701=>466 | 0.25
289 295 701=>466 | 0.25
289=>89 | 0.25
288 295 701=>289 466 | 0.25
288 292 295 300 466 89=>289 | 0.20833333333333334
289 292 295 300 466 89=>288 | 0.20833333333333334
288 289 295 300 466 89=>292 | 0.20833333333333334
288 289 292 295 466 89=>300 | 0.20833333333333334
288 289 292 295 300 466=>89 | 0.20833333333333334
288 289 292 295 300 89=>466 | 0.20833333333333334
288 292 295 300 466=>289 | 0.2
289 292 295 300 466=>288 | 0.2
288 292 295 466 701=>289 | 0.2
289 292 295 466 701=>288 | 0.2
288 289 295 466 701=>292 | 0.2
288 289 295 300 466=>292 | 0.2
288 289 292 295 466=>300 | 0.2
288 289 292 295 701=>466 | 0.2
289 292 295 701=>288 466 | 0.2
288 292 295 701=>289 466 | 0.2
257 288 295 89=>289 | 0.1875
257 289 295 89=>288 | 0.1875
288 295 349 89=>289 | 0.1875
288 295 300 89=>289 | 0.1875
288 466 701 89=>289 | 0.1875
289 291 295 89=>288 | 0.1875
288 291 295 89=>289 | 0.1875
288 295 300 461=>289 | 0.1875
288 295 306 89=>289 | 0.1875
289 295 306 89=>288 | 0.1875
292 295 302 89=>288 | 0.1875
288 300 461 466=>289 | 0.1875
289 295 349 89=>288 | 0.1875
288 295 333 89=>289 | 0.1875
288 300 466 89=>289 | 0.1875
288 292 461 89=>289 | 0.1875
289 295 300 89=>288 | 0.1875
289 295 300 461=>288 | 0.1875
300 461 466 89=>289 | 0.1875
288 295 302 89=>292 | 0.1875
288 295 701 89=>289 | 0.1875
289 295 333 89=>288 | 0.1875
289 295 701 89=>288 | 0.1875
289 466 701 89=>288 | 0.1875
288 289 461 466=>300 | 0.1875
289 300 461 466=>288 | 0.1875
289 461 466 89=>300 | 0.1875
289 292 461 89=>288 | 0.1875
288 289 295 461=>300 | 0.1875
289 300 466 89=>288 | 0.1875
288 289 466 89=>300 | 0.1875
288 289 300 466=>89 | 0.1875
306 466 89=>289 | 0.16666666666666666
257 466 89=>289 | 0.16666666666666666
289 294 295=>288 | 0.16666666666666666
288 349 466=>289 | 0.16666666666666666
349 466 89=>289 | 0.16666666666666666
289 295 306=>288 | 0.16666666666666666
289 295 349=>288 | 0.16666666666666666
288 292 89=>289 | 0.16666666666666666
288 295 349=>289 | 0.16666666666666666
288 292 461=>289 | 0.16666666666666666
288 295 333=>289 | 0.16666666666666666
257 288 466=>289 | 0.16666666666666666
288 295 679=>289 | 0.16666666666666666
291 292 466=>288 | 0.16666666666666666
288 295 306=>289 | 0.16666666666666666
289 295 300=>288 | 0.16666666666666666
288 295 300=>289 | 0.16666666666666666
289 306 466=>288 | 0.16666666666666666
257 289 295=>288 | 0.16666666666666666
288 294 295=>289 | 0.16666666666666666
289 466 701=>288 | 0.16666666666666666
257 288 295=>289 | 0.16666666666666666
289 295 679=>288 | 0.16666666666666666
289 295 333=>288 | 0.16666666666666666
288 295 302=>292 | 0.16666666666666666
292 295 302=>288 | 0.16666666666666666
300 461 466=>289 | 0.16666666666666666
288 291 295=>289 | 0.16666666666666666
257 289 466=>288 | 0.16666666666666666
288 466 701=>289 | 0.16666666666666666
288 300 466=>289 | 0.16666666666666666
289 292 461=>288 | 0.16666666666666666
289 349 466=>288 | 0.16666666666666666
289 292 89=>288 | 0.16666666666666666
289 461 466=>300 | 0.16666666666666666
289 300 466=>288 | 0.16666666666666666
288 289 466=>300 | 0.16666666666666666
288 289 89=>292 | 0.16666666666666666
288 289 292=>89 | 0.16666666666666666
257 288 292 295 89=>289 | 0.15
288 292 466 67 89=>289 | 0.15
289 292 295 300 89=>288 | 0.15
288 292 295 67 89=>289 | 0.15
288 466 67 89=>289 292 | 0.15
288 289 466 67 89=>292 | 0.15
289 291 292 295 89=>288 | 0.15
257 289 292 295 89=>288 | 0.15
288 292 300 466 89=>289 | 0.15
288 292 295 349 89=>289 | 0.15
289 292 295 349 89=>288 | 0.15
288 292 295 300 89=>289 | 0.15
289 292 466 701 89=>288 | 0.15
288 292 466 701 89=>289 | 0.15
288 291 292 295 89=>289 | 0.15
288 289 295 67 89=>292 | 0.15
257 292 295 89=>288 289 | 0.15
288 292 295 701 89=>289 | 0.15
289 292 295 701 89=>288 | 0.15
288 289 292 466 67=>89 | 0.15
289 292 466 67 89=>288 | 0.15
288 292 300 461 466=>289 | 0.15
288 292 295 333 89=>289 | 0.15
289 292 295 333 89=>288 | 0.15
288 289 291 295 89=>292 | 0.15
289 292 295 67 89=>288 | 0.15
289 292 300 466 89=>288 | 0.15
289 292 300 461 466=>288 | 0.15
257 288 289 295 89=>292 | 0.15
288 289 295 701 89=>292 | 0.15
288 289 292 461 466=>300 | 0.15
288 289 295 333 89=>292 | 0.15
288 289 292 295 67=>89 | 0.15
288 289 295 349 89=>292 | 0.15
288 289 295 300 89=>292 | 0.15
288 289 300 466 89=>292 | 0.15
288 289 292 349 89=>295 | 0.15
257 288 289 292 295=>89 | 0.15
257 288 289 292 89=>295 | 0.15
288 289 300 461 466=>292 | 0.15
288 289 292 466 89=>300 | 0.15
288 289 292 300 466=>89 | 0.15
288 289 292 295 300=>89 | 0.15
288 289 292 300 461=>466 | 0.15
288 289 292 295 349=>89 | 0.15
288 289 292 295 89=>300 | 0.15
288 292 295 67=>289 | 0.125
288 289 466 67=>292 | 0.125
292 466 67 89=>289 | 0.125
288 289 295 299=>292 | 0.125
289 292 294 295=>288 | 0.125
288 292 349 466=>289 | 0.125
257 289 292 466=>288 | 0.125
292 295 299 89=>289 | 0.125
292 295 67 89=>289 | 0.125
289 292 295 349=>288 | 0.125
288 292 295 349=>289 | 0.125
289 292 466 701=>288 | 0.125
289 292 295 300=>288 | 0.125
289 291 292 295=>288 | 0.125
288 292 295 306=>289 | 0.125
289 292 295 306=>288 | 0.125
288 292 466 67=>289 | 0.125
288 289 295 302=>292 | 0.125
289 292 306 466=>288 | 0.125
288 292 306 466=>289 | 0.125
288 292 294 295=>289 | 0.125
289 292 349 466=>288 | 0.125
257 288 292 466=>289 | 0.125
289 295 299 89=>292 | 0.125
257 288 292 295=>289 | 0.125
288 292 295 300=>289 | 0.125
289 292 466 67=>89 | 0.125
289 292 295 299=>288 | 0.125
288 292 295 299=>289 | 0.125
288 289 295 67=>292 | 0.125
288 300 461 89=>289 | 0.125
288 292 466 679=>289 | 0.125
289 292 300 466=>288 | 0.125
288 292 300 466=>289 | 0.125
288 292 295 333=>289 | 0.125
288 291 292 295=>289 | 0.125
295 325=>289 | 0.125
289 466 67 89=>292 | 0.125
289 295 67 89=>292 | 0.125
289 292 295 302=>288 | 0.125
257 289 292 295=>288 | 0.125
289 292 295 333=>288 | 0.125
288 289 291 295=>292 | 0.125
288 289 292 294=>295 | 0.125
288 289 294 295=>292 | 0.125
289 292 466 679=>288 | 0.125
288 292=>289 | 0.125
288 289 349 466=>292 | 0.125
289 292 295 67=>288 | 0.125
288 289 295 306=>292 | 0.125
288 292 466 701=>289 | 0.125
288 292 295 302=>289 | 0.125
257 288 289 295=>292 | 0.125
257 288 289 466=>292 | 0.125
288 289 295 349=>292 | 0.125
325 466=>289 | 0.125
288 289 295 300=>292 | 0.125
291 292 295=>288 289 | 0.125
288 289 295 333=>292 | 0.125
289 300 461 89=>288 | 0.125
257 288 289 292=>295 | 0.125
288 289 292 466=>300 | 0.125
288 289 292 349=>295 | 0.125
288 289 461 89=>300 | 0.125
289 292=>288 | 0.125
289 295 300 701=>466 | 0.125
288 295 300 701=>466 | 0.125
257 288 295 300 89=>289 | 0.1
288 300 466 67 89=>289 | 0.1
288 295 300 67 89=>289 | 0.1
292 295 300 701 89=>288 | 0.1
257 295 300 89=>288 289 | 0.1
257 289 295 300 89=>288 | 0.1
289 295 300 67 89=>288 | 0.1
288 300 466 701 89=>289 | 0.1
288 295 300 701 89=>289 | 0.1
289 295 300 701 89=>288 | 0.1
288 289 333 466 89=>300 | 0.1
289 300 466 701 89=>288 | 0.1
288 289 466 701 89=>300 | 0.1
288 294 89=>289 | 0.08333333333333333
257 288 89=>289 | 0.08333333333333333
288 292 295 300 67 89=>289 | 0.08333333333333333
289 292 295 300 67 89=>288 | 0.08333333333333333
288 349 89=>289 | 0.08333333333333333
289 295 299=>292 | 0.08333333333333333
292 295 67=>289 | 0.08333333333333333
288 289 295 300 67 89=>292 | 0.08333333333333333
288 344 89=>289 | 0.08333333333333333
288 344 461=>289 | 0.08333333333333333
288 306 89=>289 | 0.08333333333333333
292 295 299=>289 | 0.08333333333333333
289 294 89=>288 | 0.08333333333333333
288 300 89=>289 | 0.08333333333333333
288 292 300 333 466 89=>289 | 0.08333333333333333
288 300 461=>289 | 0.08333333333333333
292 344 466=>289 | 0.08333333333333333
292 466 67=>289 | 0.08333333333333333
288 701 89=>289 | 0.08333333333333333
288 302 89=>289 | 0.08333333333333333
289 295 67=>292 | 0.08333333333333333
257 289 89=>288 | 0.08333333333333333
288 289 292 295 300 67=>89 | 0.08333333333333333
288 289 292 333 466 89=>300 | 0.08333333333333333
288 289 300 333 466 89=>292 | 0.08333333333333333
289 292 300 333 466 89=>288 | 0.08333333333333333
289 466 67=>292 | 0.08333333333333333
289 349 89=>288 | 0.08333333333333333
289 306 89=>288 | 0.08333333333333333
289 461 701=>288 | 0.08333333333333333
288 461 701=>289 | 0.08333333333333333
289 300 461=>288 | 0.08333333333333333
288 292 333 466 89=>289 300 | 0.08333333333333333
289 302 89=>288 | 0.08333333333333333
289 701 89=>288 | 0.08333333333333333
289 300 89=>288 | 0.08333333333333333
288 289 461=>300 | 0.08333333333333333
288 289 292 300 333 89=>466 | 0.08333333333333333
288 289 292 300 333 466=>89 | 0.08333333333333333
288 289 300=>89 | 0.08333333333333333
288 289 292 295 67 89=>300 | 0.08333333333333333
288 289 292 300 67 89=>295 | 0.08333333333333333
288 289 292 300 466 89=>333 | 0.08333333333333333
257 288 295 349=>289 | 0.0625
257 288 292 89=>289 | 0.0625
288 292 299 89=>289 | 0.0625
288 295 300 306=>289 | 0.0625
289 295 300 306=>288 | 0.0625
288 300 302 466=>292 | 0.0625
288 292 67 89=>289 | 0.0625
288 292 349 89=>289 | 0.0625
288 291 292 89=>289 | 0.0625
288 300 306 466=>289 | 0.0625
288 289 299 89=>292 | 0.0625
289 295 300 349=>288 | 0.0625
288 295 300 349=>289 | 0.0625
257 289 295 300=>288 | 0.0625
288 300 466 679=>289 | 0.0625
289 291 295 300=>288 | 0.0625
257 288 295 67=>289 | 0.0625
288 291 295 302=>292 | 0.0625
257 295 349=>288 289 | 0.0625
257 289 295 349=>288 | 0.0625
257 289 292 89=>288 | 0.0625
289 292 349 89=>288 | 0.0625
289 295 300 333=>288 | 0.0625
288 292 701 89=>289 | 0.0625
288 292 300 89=>289 | 0.0625
257 288 295 300=>289 | 0.0625
288 292 302 466=>300 | 0.0625
257 292 89=>288 289 | 0.0625
288 289 67 89=>292 | 0.0625
288 295 300 302=>292 | 0.0625
292 295 300 302=>288 | 0.0625
257 289 295 67=>288 | 0.0625
289 466 679 89=>300 | 0.0625
300 466 679 89=>289 | 0.0625
291 292 295 302=>288 | 0.0625
288 292 300 461=>289 | 0.0625
288 300 344 466=>289 | 0.0625
288 292 302 89=>289 | 0.0625
289 292 302 89=>288 | 0.0625
288 295 300 333=>289 | 0.0625
300 333 466 89=>289 | 0.0625
289 300 306 466=>288 | 0.0625
288 289 466 679=>300 | 0.0625
288 292 333 89=>289 | 0.0625
300 333 461 466=>289 | 0.0625
257 288 289 349=>295 | 0.0625
288 289 333 466=>300 | 0.0625
288 289 306 466=>300 | 0.0625
289 300 466 701=>288 | 0.0625
289 292 299 89=>288 | 0.0625
288 292 333 466=>300 | 0.0625
288 289 292 67=>89 | 0.0625
289 292 67 89=>288 | 0.0625
289 292 300 461=>288 | 0.0625
289 292 701 89=>288 | 0.0625
288 291 295 300=>289 | 0.0625
289 292 300 89=>288 | 0.0625
289 333 461 466=>300 | 0.0625
257 288 289 89=>292 | 0.0625
289 333 466 89=>300 | 0.0625
289 291 292 89=>288 | 0.0625
288 289 291 89=>292 | 0.0625
288 300 466 701=>289 | 0.0625
289 300 466 679=>288 | 0.0625
288 300 333 466=>289 | 0.0625
300 306 466=>288 289 | 0.0625
289 300 333 466=>288 | 0.0625
288 289 701 89=>292 | 0.0625
288 289 333 89=>292 | 0.0625
288 289 349 89=>292 | 0.0625
288 289 344 466=>300 | 0.0625
288 289 466 701=>300 | 0.0625
289 300 344 466=>288 | 0.0625
288 289 292 461=>300 | 0.0625
289 300 333 461=>466 | 0.0625
288 291 292 302=>295 | 0.0625
288 289 300 89=>292 | 0.0625
288 289 292 300=>89 | 0.0625
288 289 292 299=>89 | 0.0625
288 289 300 461=>292 | 0.0625
288 289 300 344=>466 | 0.0625
288 291 302=>292 295 | 0.0625
288 289 292 89=>300 | 0.0625
257 288 292 295 67=>289 | 0.05
292 300 466 67 89=>289 | 0.05
289 292 295 300 701=>288 | 0.05
288 292 295 300 67=>289 | 0.05
289 292 295 300 349=>288 | 0.05
288 292 295 300 306=>289 | 0.05
289 292 295 300 306=>288 | 0.05
288 289 300 466 67=>292 | 0.05
288 292 300 466 67=>289 | 0.05
288 289 300 302 466=>292 | 0.05
289 291 292 295 300=>288 | 0.05
289 292 300 466 701=>288 | 0.05
289 292 295 300 333=>288 | 0.05
289 292 295 300 67=>288 | 0.05
288 289 295 300 67=>292 | 0.05
288 292 295 300 349=>289 | 0.05
288 292 300 306 466=>289 | 0.05
289 292 300 306 466=>288 | 0.05
257 288 292 295 300=>289 | 0.05
257 289 292 295 300=>288 | 0.05
289 292 300 302 466=>288 | 0.05
257 288 289 295 67=>292 | 0.05
288 292 300 466 679=>289 | 0.05
288 292 295 300 701=>289 | 0.05
288 295 300 67=>289 292 | 0.05
292 300 333 466 89=>289 | 0.05
289 300 466 67 89=>292 | 0.05
289 292 300 466 67=>89 | 0.05
288 289 292 302 466=>300 | 0.05
257 292 295 67=>288 289 | 0.05
257 289 292 295 67=>288 | 0.05
288 289 292 466 679=>300 | 0.05
289 292 300 466 679=>288 | 0.05
288 292 295 300 333=>289 | 0.05
300 466 67 89=>289 292 | 0.05
292 300 466 67=>289 89 | 0.05
288 292 300 302 466=>289 | 0.05
288 289 291 295 300=>292 | 0.05
288 291 292 295 300=>289 | 0.05
288 289 292 333 466=>300 | 0.05
289 292 300 333 466=>288 | 0.05
288 292 300 466 701=>289 | 0.05
289 292 333 466 89=>300 | 0.05
288 289 295 300 349=>292 | 0.05
288 292 300 333 466=>289 | 0.05
288 289 292 306 466=>300 | 0.05
288 289 295 300 306=>292 | 0.05
257 288 289 295 300=>292 | 0.05
288 289 295 300 701=>292 | 0.05
289 300 333 466 89=>292 | 0.05
289 300 466 67=>292 89 | 0.05
288 289 295 300 333=>292 | 0.05
288 289 300 466 701=>292 | 0.05
288 289 300 306 466=>292 | 0.05
288 289 300 466 679=>292 | 0.05
288 289 292 466 701=>300 | 0.05
288 289 292 295 306=>300 | 0.05
289 292 333 466=>288 300 | 0.05
288 289 300 333 466=>292 | 0.05
288 289 292 295 333=>300 | 0.05
288 289 291 292 300=>295 | 0.05
288 289 292 300 306=>295 | 0.05
288 289 291 292 295=>300 | 0.05
292 294 89=>289 | 0.0
257 288 67 89=>289 | 0.0
257 288 292 67 89=>289 | 0.0
257 288 300 89=>289 | 0.0
257 288 292 300 89=>289 | 0.0
289 295 67 701=>292 | 0.0
288 300 306 89=>289 | 0.0
300 349 466=>289 | 0.0
257 292 67 89=>288 289 | 0.0
257 289 292 67 89=>288 | 0.0
288 289 67 701 89=>292 | 0.0
288 292 67 701 89=>289 | 0.0
295 300 679=>288 | 0.0
288 292 349=>289 | 0.0
288 292 300 67 89=>289 | 0.0
292 299 89=>289 | 0.0
288 300 349 89=>289 | 0.0
257 292 300 89=>288 289 | 0.0
257 289 292 300 89=>288 | 0.0
288 318=>289 | 0.0
288 292 300 679 89=>289 | 0.0
288 292 498=>289 | 0.0
288 292 300 349 89=>289 | 0.0
289 292 300 349 89=>288 | 0.0
257 291 295=>288 | 0.0
288 291 292 300 89=>289 | 0.0
292 295 67 701=>289 | 0.0
288 349=>289 | 0.0
288 289 300 67 89=>292 | 0.0
289 292 349=>288 | 0.0
289 299 89=>292 | 0.0
288 292 67=>289 | 0.0
289 295 300 67=>292 | 0.0
288 292 306=>289 | 0.0
257 289 67 89=>288 | 0.0
289 292 300 302 89=>288 | 0.0
257 288 289 67 89=>292 | 0.0
288 292 299=>289 | 0.0
288 289 299=>292 | 0.0
288 300 701 89=>289 | 0.0
289 292 302 466=>300 | 0.0
288 289 292 679 89=>300 | 0.0
289 292 300 679 89=>288 | 0.0
288 289 333 461=>300 | 0.0
289 292 300 67 89=>288 | 0.0
288 289 292 300 67=>89 | 0.0
288 289 291 300 89=>292 | 0.0
295 67 701=>289 292 | 0.0
291 292 89=>289 | 0.0
288 292 300 701 89=>289 | 0.0
289 292 300 701 89=>288 | 0.0
300 466 679=>289 | 0.0
288 300 302 89=>289 | 0.0
289 292 306=>288 | 0.0
257 289 300 89=>288 | 0.0
289 302 466=>300 | 0.0
289 292 294=>288 | 0.0
289 300 306 89=>288 | 0.0
257 288 292=>289 | 0.0
292 67 89=>289 | 0.0
288 292 300 302 89=>289 | 0.0
257 288 289 300 89=>292 | 0.0
292 300 302 466=>289 | 0.0
288 292 300=>289 | 0.0
289 291 292 300 89=>288 | 0.0
289 466 679=>300 | 0.0
288 306=>289 | 0.0
325 89=>289 | 0.0
288 300 461 701=>289 | 0.0
289 300 461 701=>288 | 0.0
288 292 300 333 89=>289 | 0.0
300 302 466=>289 | 0.0
288 291 292=>289 | 0.0
289 300 349 89=>288 | 0.0
288 289 300 302 89=>292 | 0.0
289 292 302=>288 | 0.0
288 292 701=>289 | 0.0
288 292 325=>289 | 0.0
288 289 67=>292 | 0.0
289 294=>288 | 0.0
288 289 292 67 701=>89 | 0.0
289 349=>288 | 0.0
289 300 302 466=>292 | 0.0
288 292 679 89=>289 300 | 0.0
288 300 333 461=>289 | 0.0
289 292 300 333 89=>288 | 0.0
288 289 300 349 89=>292 | 0.0
289 292 701=>288 | 0.0
288 289 461 701=>300 | 0.0
288 292 294=>289 | 0.0
257 288 289 292 300=>89 | 0.0
288 289 325=>292 | 0.0
288 289 300 701 89=>292 | 0.0
288 291=>289 | 0.0
288 300=>289 | 0.0
289 292 67 701 89=>288 | 0.0
288 292 333=>289 | 0.0
289 292 299=>288 | 0.0
289 300 701 89=>288 | 0.0
288 289 300 333 89=>292 | 0.0
288 289 300 679 89=>292 | 0.0
289 306=>288 | 0.0
289 300 302 89=>288 | 0.0
288 292 302=>289 | 0.0
291 300 466=>289 | 0.0
289 291 466=>300 | 0.0
289 466 498=>300 | 0.0
300 466 498=>289 | 0.0
257 289 292=>288 | 0.0
289 292 300=>288 | 0.0
291 461=>289 | 0.0
289 333 466=>300 | 0.0
300 344 466=>289 | 0.0
288 294=>289 | 0.0
288 289 292 302 89=>300 | 0.0
289 291 292=>288 | 0.0
288 289 349=>292 | 0.0
257 288 289 292 67=>89 | 0.0
288 289 302 89=>300 | 0.0
289 292 498=>288 | 0.0
300 333 466=>289 | 0.0
289 291 89=>292 | 0.0
288 701=>289 | 0.0
289 344 466=>300 | 0.0
288 289 294=>292 | 0.0
257 288 289=>292 | 0.0
289 67 89=>292 | 0.0
288 289 292 333 89=>300 | 0.0
300 461=>289 | 0.0
288 300 679 89=>289 292 | 0.0
288 289 291=>292 | 0.0
289 701=>288 | 0.0
257 289=>288 | 0.0
289 292 333=>288 | 0.0
288 289 679 89=>292 300 | 0.0
288 289 292 300 679=>89 | 0.0
288 289 701=>292 | 0.0
289 292 67=>89 | 0.0
289 302=>288 | 0.0
288 289 291 292 89=>300 | 0.0
289 292 679=>288 | 0.0
298 89=>289 | 0.0
498 89=>289 | 0.0
289 300=>288 | 0.0
288 289 306 89=>300 | 0.0
288 289 292 300 302=>89 | 0.0
288 292 306 89=>300 | 0.0
288 289 292 300 333=>89 | 0.0
289 318=>288 | 0.0
288 289 292 701 89=>300 | 0.0
257 292=>288 289 | 0.0
288 289 292 300 701=>89 | 0.0
288 289 292 300 349=>89 | 0.0
291 292 302=>295 | 0.0
289 461=>300 | 0.0
288 289 292 67 89=>300 | 0.0
288 289 292 300 89=>333 | 0.0
257 288 292 67=>289 | -0.0625
292 67 701 89=>289 | -0.0625
288 289 67 701=>292 | -0.0625
292 300 67 89=>289 | -0.0625
288 292 300 349=>289 | -0.0625
288 292 300 679=>289 | -0.0625
289 292 302 701=>288 | -0.0625
291 292 300 89=>289 | -0.0625
257 289 292 701=>288 | -0.0625
288 289 302 333=>292 | -0.0625
257 289 291 292=>288 | -0.0625
289 291 292 701=>288 | -0.0625
288 292 300 67=>289 | -0.0625
289 292 300 349=>288 | -0.0625
289 292 300 306=>288 | -0.0625
288 292 300 306=>289 | -0.0625
257 289 292 300=>288 | -0.0625
289 67 701 89=>292 | -0.0625
288 289 302 701=>292 | -0.0625
288 289 291 302=>292 | -0.0625
288 289 300 67=>292 | -0.0625
257 288 292 701=>289 | -0.0625
288 289 291 701=>292 | -0.0625
288 333 466 701=>300 | -0.0625
300 333 466 701=>288 | -0.0625
289 292 300 701=>288 | -0.0625
257 288 292 300=>289 | -0.0625
257 288 289 67=>292 | -0.0625
288 292 67 701=>289 | -0.0625
292 300 333 89=>289 | -0.0625
257 288 289 701=>292 | -0.0625
289 292 302 333=>288 | -0.0625
257 288 291 292=>289 | -0.0625
289 292 333 701=>288 | -0.0625
288 289 292 679=>300 | -0.0625
289 292 300 679=>288 | -0.0625
257 289 292 67=>288 | -0.0625
289 292 300 67=>89 | -0.0625
289 300 67 89=>292 | -0.0625
288 292 300 701=>289 | -0.0625
289 292 300 302=>288 | -0.0625
289 291 292 302=>288 | -0.0625
289 291 300 89=>292 | -0.0625
288 289 300 349=>292 | -0.0625
289 291 292 300=>288 | -0.0625
288 291 292 701=>289 | -0.0625
292 300 333 461=>289 | -0.0625
288 289 300 302=>292 | -0.0625
289 292 300 333=>288 | -0.0625
289 292 679 89=>300 | -0.0625
288 291 292 300=>289 | -0.0625
257 288 289 300=>292 | -0.0625
257 288 67=>289 292 | -0.0625
257 288 289 291=>292 | -0.0625
288 292 300 333=>289 | -0.0625
289 292 67 701=>288 | -0.0625
288 292 300 302=>289 | -0.0625
289 292 333 461=>300 | -0.0625
300 67 89=>289 292 | -0.0625
288 289 291 300=>292 | -0.0625
292 300 679=>288 289 | -0.0625
288 289 300 679=>292 | -0.0625
289 300 333 89=>292 | -0.0625
288 289 300 701=>292 | -0.0625
288 292 333 701=>289 | -0.0625
289 300 679 89=>292 | -0.0625
288 289 292 302=>300 | -0.0625
288 289 292 333=>300 | -0.0625
288 289 300 306=>292 | -0.0625
288 289 300 333=>292 | -0.0625
288 289 292 306=>300 | -0.0625
289 292 333 89=>300 | -0.0625
289 292 306 89=>300 | -0.0625
288 289 292 701=>300 | -0.0625
292 333 89=>289 300 | -0.0625
288 289 291 292=>300 | -0.0625
257 288 349=>289 | -0.08333333333333333
257 701 89=>289 | -0.08333333333333333
289 349 67=>288 | -0.08333333333333333
288 349 67=>289 | -0.08333333333333333
289 306 333=>288 | -0.08333333333333333
288 291 349=>289 | -0.08333333333333333
288 300 349=>289 | -0.08333333333333333
288 333 349=>289 | -0.08333333333333333
333 67 89=>289 | -0.08333333333333333
257 292 294=>288 | -0.08333333333333333
292 294 300=>288 | -0.08333333333333333
288 349 701=>289 | -0.08333333333333333
288 300 306=>289 | -0.08333333333333333
257 288 302=>292 | -0.08333333333333333
291 302 89=>289 | -0.08333333333333333
288 300 679=>289 | -0.08333333333333333
292 302 701=>288 | -0.08333333333333333
257 288 333=>289 | -0.08333333333333333
289 294 300=>288 | -0.08333333333333333
257 289 294=>288 | -0.08333333333333333
288 325 333=>292 | -0.08333333333333333
289 291 349=>288 | -0.08333333333333333
289 349 701=>288 | -0.08333333333333333
302 701 89=>288 | -0.08333333333333333
300 679 89=>289 | -0.08333333333333333
289 300 306=>288 | -0.08333333333333333
257 289 701=>288 | -0.08333333333333333
257 289 291=>288 | -0.08333333333333333
257 288 300=>289 | -0.08333333333333333
257 289 300=>288 | -0.08333333333333333
291 292 701=>288 | -0.08333333333333333
257 289 349=>288 | -0.08333333333333333
288 306 701=>289 | -0.08333333333333333
288 300 344=>289 | -0.08333333333333333
288 302 701=>292 | -0.08333333333333333
257 288 701=>289 | -0.08333333333333333
257 288 291=>289 | -0.08333333333333333
289 306 701=>288 | -0.08333333333333333
289 333 349=>288 | -0.08333333333333333
300 344 89=>289 | -0.08333333333333333
288 294 300=>289 | -0.08333333333333333
289 300 349=>288 | -0.08333333333333333
302 333 89=>289 | -0.08333333333333333
288 300 498=>289 | -0.08333333333333333
288 300 701=>289 | -0.08333333333333333
289 300 701=>288 | -0.08333333333333333
288 291 701=>292 | -0.08333333333333333
288 289 679=>300 | -0.08333333333333333
289 300 679=>288 | -0.08333333333333333
257 289 333=>288 | -0.08333333333333333
288 291 300=>289 | -0.08333333333333333
257 288 294=>289 | -0.08333333333333333
288 300 302=>289 | -0.08333333333333333
288 300 333=>289 | -0.08333333333333333
300 344 461=>289 | -0.08333333333333333
289 291 300=>288 | -0.08333333333333333
300 333 461=>289 | -0.08333333333333333
289 333 461=>300 | -0.08333333333333333
288 333 701=>289 | -0.08333333333333333
288 292 344=>300 | -0.08333333333333333
289 679 89=>300 | -0.08333333333333333
288 289 302=>300 | -0.08333333333333333
289 300 302=>288 | -0.08333333333333333
288 289 306=>300 | -0.08333333333333333
288 289 333=>300 | -0.08333333333333333
289 300 333=>288 | -0.08333333333333333
288 289 344=>300 | -0.08333333333333333
288 289 498=>300 | -0.08333333333333333
289 300 498=>288 | -0.08333333333333333
289 344 89=>300 | -0.08333333333333333
289 344 461=>300 | -0.08333333333333333
289 333 89=>300 | -0.08333333333333333
300 302=>288 289 | -0.08333333333333333
292 300 302 701=>288 | -0.125
292 318=>289 | -0.125
288 300 302 333=>292 | -0.125
292 300 333 701=>288 | -0.125
292 300 302 333=>288 | -0.125
288 289 306 701=>300 | -0.125
288 300 306 701=>289 | -0.125
289 300 306 701=>288 | -0.125
289 299=>292 | -0.125
292 299=>289 | -0.125
288 300 302 701=>292 | -0.125
288 291 300 302=>292 | -0.125
289 300 333 701=>288 | -0.125
291 292 300 302=>288 | -0.125
292 325=>289 | -0.125
288 292 302 333=>300 | -0.125
292 67=>289 | -0.125
288 292 302 701=>300 | -0.125
288 300 333 701=>289 | -0.125
288 289 333 701=>300 | -0.125
289 67=>292 | -0.125
289 325=>292 | -0.125
300 333 701=>288 289 | -0.125
257 292 349=>289 | -0.16666666666666666
292 299 300=>289 | -0.16666666666666666
257 289 299=>292 | -0.16666666666666666
257 292 299=>289 | -0.16666666666666666
292 333 349=>289 | -0.16666666666666666
289 67 701=>292 | -0.16666666666666666
289 299 300=>292 | -0.16666666666666666
292 333 67=>289 | -0.16666666666666666
257 289 302=>292 | -0.16666666666666666
257 292 302=>289 | -0.16666666666666666
289 300 67=>292 | -0.16666666666666666
292 67 701=>289 | -0.16666666666666666
289 333 67=>292 | -0.16666666666666666
257 289 67=>292 | -0.16666666666666666
292 300 325=>289 | -0.16666666666666666
289 302 333=>292 | -0.16666666666666666
292 302 333=>289 | -0.16666666666666666
292 325 333=>289 | -0.16666666666666666
289 325 333=>292 | -0.16666666666666666
289 292 325=>333 | -0.16666666666666666
289 300 325=>292 | -0.16666666666666666
289 292 344=>300 | -0.16666666666666666
289 300 67 701=>292 | -0.1875
292 300 67 701=>289 | -0.1875
257 300 67=>289 | -0.25
306 67=>292 | -0.25
291 294=>288 | -0.25
300 306 333=>288 | -0.25
288 333 344=>300 | -0.25
288 306 333=>300 | -0.25
291 300 701=>288 | -0.25
300 679=>289 | -0.25
289 333 344=>300 | -0.25
300 333 344=>289 | -0.25
291 300 333=>289 | -0.25
289 291 333=>300 | -0.25
300 344=>289 | -0.25
298 300=>289 | -0.25
300 333=>289 | -0.25
289 298=>300 | -0.25
289 344=>300 | -0.25
289 679=>300 | -0.25
289 333=>300 | -0.25
300 498=>289 | -0.25
289 300 344=>333 | -0.25
333 498=>289 | -0.25
289 291=>344 | -0.25
424=>207 | -1.5
1412=>227 | -1.5
163=>227 | -1.5
917=>707 | -1.5
707=>917 | -1.5
173=>190 | -1.5
377=>498 | -1.5
190=>227 | -1.5
227=>190 | -1.5