recommendations for HC-HD 65 207 225 226 227 229 230 234 300 378 424 439 498 704 706 709 857 903 917 918 953 982 1044 1090 1106 1376 1400 1414 1502 1512 1513 1515 1672 1976 2123 -> 


recommendations for HC 65 207 225 226 227 229 230 234 300 378 424 439 498 704 706 709 857 903 917 918 953 982 1044 1090 1106 1376 1400 1414 1502 1512 1513 1515 1672 1976 2123 -> 707 289 190 207


recommendations for HC-HD 8 72 157 159 173 176 196 198 227 424 429 439 487 504 534 629 726 757 955 1044 1106 1116 1118 1145 1180 1218 1678 1781 1796 1910 1985 2014 2060 2379 2428 3197 3236 3767 3901 4143 5079 5605 8223 -> 


recommendations for HC 8 72 157 159 173 176 196 198 227 424 429 439 487 504 534 629 726 757 955 1044 1106 1116 1118 1145 1180 1218 1678 1781 1796 1910 1985 2014 2060 2379 2428 3197 3236 3767 3901 4143 5079 5605 8223 -> 190 207


recommendations for HC-HD 210 257 288 289 291 293 304 307 318 325 333 342 344 386 403 455 461 498 523 679 680 786 793 1021 1059 1198 1684 1782 1866 2019 2094 2546 3373 3489 3497 3575 5437 -> 292 89 289 300


recommendations for HC 210 257 288 289 291 293 304 307 318 325 333 342 344 386 403 455 461 498 523 679 680 786 793 1021 1059 1198 1684 1782 1866 2019 2094 2546 3373 3489 3497 3575 5437 -> 300 89 289 288 344 292


recommendations for HC-HD 1098 1411 1708 2473 3505 3529 6043 6161 6345 10516 11211 11927 13318 16123 16127 18158 18159 18160 18161 18162 18163 18164 18165 18166 18167 18168 18169 18170 18171 1817 -> 


recommendations for HC 1098 1411 1708 2473 3505 3529 6043 6161 6345 10516 11211 11927 13318 16123 16127 18158 18159 18160 18161 18162 18163 18164 18165 18166 18167 18168 18169 18170 18171 1817 -> 


recommendations for HC-HD 191 230 288 289 300 325 328 333 344 350 352 367 371 374 377 378 386 393 409 461 464 466 475 531 532 544 545 682 686 691 701 834 1042 -> 466 300 89 289 288 292


recommendations for HC 191 230 288 289 300 325 328 333 344 350 352 367 371 374 377 378 386 393 409 461 464 466 475 531 532 544 545 682 686 691 701 834 1042 -> 466 300 89 289 333 288 498 292


recommendations for HC-HD 184 190 192 204 211 227 228 229 231 355 366 424 538 540 632 679 715 945 1090 1147 1243 1246 1351 1377 1464 1491 1511 1705 1708 2051 2176 2632 3081 3105 3171 3617 4920 5306 5437 5836 6297 6390 7260 8504 9404 -> 


recommendations for HC 184 190 192 204 211 227 228 229 231 355 366 424 538 540 632 679 715 945 1090 1147 1243 1246 1351 1377 1464 1491 1511 1705 1708 2051 2176 2632 3081 3105 3171 3617 4920 5306 5437 5836 6297 6390 7260 8504 9404 -> 227 190 207


recommendations for HC-HD 227 234 235 383 412 475 605 614 707 710 841 854 856 918 1119 1123 1202 1204 1239 1369 1401 1410 1418 1527 1533 2473 2491 3445 3780 4781 4821 7331 7419 9122 9125 9128 9208 9225 9452 9716 11936 11986 13622 13846  -> 


recommendations for HC 227 234 235 383 412 475 605 614 707 710 841 854 856 918 1119 1123 1202 1204 1239 1369 1401 1410 1418 1527 1533 2473 2491 3445 3780 4781 4821 7331 7419 9122 9125 9128 9208 9225 9452 9716 11936 11986 13622 13846  -> 190 917


recommendations for HC-HD 55 67 71 89 173 195 288 289 292 293 295 296 300 310 312 314 318 323 328 333 378 466 512 523 525 704 911 972 1075 1098 1503 2025 2083 2094 -> 466 300 89 289 333 288 292 295


recommendations for HC 55 67 71 89 173 195 288 289 292 293 295 296 300 310 312 314 318 323 328 333 378 466 512 523 525 704 911 972 1075 1098 1503 2025 2083 2094 -> 466 300 89 289 333 288 190 292 295


recommendations for HC-HD 89 257 288 289 290 291 292 294 295 296 299 300 302 306 310 323 325 326 328 333 344 352 386 458 461 464 466 523 528 -> 466 300 89 289 333 288 292 295


recommendations for HC 89 257 288 289 290 291 292 294 295 296 299 300 302 306 310 323 325 326 328 333 344 352 386 458 461 464 466 523 528 -> 466 300 89 289 333 288 344 292 295


recommendations for HC-HD 65 88 154 173 186 190 191 199 206 207 225 226 227 228 229 236 377 421 424 425 434 439 533 540 614 709 969 1155 1186 1246 1375 1406 1470 1537 1714 1768 1988 2131 2600 2652 2815 3378 3383 4793 -> 


recommendations for HC 65 88 154 173 186 190 191 199 206 207 225 226 227 228 229 236 377 421 424 425 434 439 533 540 614 709 969 1155 1186 1246 1375 1406 1470 1537 1714 1768 1988 2131 2600 2652 2815 3378 3383 4793 -> 227 190 498 207


