recommendations for 172 174 -> 195 222 127 79 98 423 183 204 50 181 96 69 1 173 100 56 168 176 228 210

recommendations for 64 172 -> 195 79 98 50 181 174 204 69 56 318

recommendations for 228 258 -> 181 50 174

recommendations for 174 210 -> 195 222 127 79 98 183 204 50 181 96 69 173 22 56 172 176 228 168

recommendations for 117 181 -> 195 222 79 98 50 174 204 121 1 100 7 172 176 210

recommendations for 50 69 -> 195 222 79 98 183 204 181 174 100 176 56 172 318 168 210

recommendations for 174 96 -> 195 79 98 183 50 181 204 69 173 100 56 172 176 168 210
