292 294 89 * 289|1.0
288 294 89 * 289|1.0
257 288 349 * 289|1.0
257 288 295 349 * 289|1.0
257 292 349 * 289|1.0
306 466 89 * 289|1.0
257 466 89 * 289|1.0
257 701 89 * 289|1.0
257 300 67 * 289|1.0
257 288 292 295 67 * 289|1.0
257 288 89 * 289|1.0
257 288 292 89 * 289|1.0
257 288 67 89 * 289|1.0
257 288 292 67 89 * 289|1.0
257 288 295 89 * 289|1.0
257 288 300 89 * 289|1.0
257 288 295 300 89 * 289|1.0
257 288 292 300 89 * 289|1.0
257 288 292 295 89 * 289|1.0
289 295 67 701 * 292|1.0
288 300 466 67 89 * 289|1.0
292 300 466 67 89 * 289|1.0
288 292 466 67 89 * 289|1.0
289 292 295 300 89 * 288|0.9882352941176471
288 292 295 466 * 289|0.9875
288 292 295 67 * 289|0.987012987012987
288 295 466 89 * 289|0.9859154929577465
288 292 295 67 89 * 289|0.9857142857142858
288 292 295 300 466 * 289|0.9852941176470589
289 292 295 300 466 * 288|0.9852941176470589
288 292 295 466 89 * 289|0.9848484848484849
257 288 292 67 * 289|0.9838709677419355
292 67 701 89 * 289|0.9836065573770492
289 292 295 300 701 * 288|0.9836065573770492
288 289 466 67 * 292|0.9836065573770492
292 466 67 89 * 289|0.9836065573770492
288 289 67 701 * 292|0.9833333333333333
288 289 295 299 * 292|0.9830508474576272
288 292 299 89 * 289|0.9830508474576272
288 295 300 466 89 * 289|0.9830508474576272
289 294 295 * 288|0.9827586206896551
288 295 300 306 * 289|0.9827586206896551
289 295 300 306 * 288|0.9827586206896551
288 300 306 89 * 289|0.9827586206896551
288 466 67 89 * 289 292|0.9827586206896551
288 289 466 67 89 * 292|0.9827586206896551
288 292 295 300 67 * 289|0.9824561403508771
288 349 466 * 289|0.9821428571428571
288 300 302 466 * 292|0.9821428571428571
289 292 295 461 * 288|0.9821428571428571
300 349 466 * 289|0.9818181818181818
257 292 67 89 * 288 289|0.9818181818181818
257 289 292 67 89 * 288|0.9818181818181818
288 289 67 701 89 * 292|0.9818181818181818
288 292 67 701 89 * 289|0.9818181818181818
288 295 300 67 89 * 289|0.9818181818181818
288 292 295 300 466 89 * 289|0.9818181818181818
289 292 295 300 466 89 * 288|0.9818181818181818
289 292 294 295 * 288|0.9814814814814815
289 292 295 300 349 * 288|0.9814814814814815
289 295 333 466 * 288|0.9814814814814815
288 295 333 466 * 289|0.9814814814814815
288 292 295 300 306 * 289|0.9811320754716981
289 292 295 300 306 * 288|0.9811320754716981
289 291 292 295 89 * 288|0.9811320754716981
288 292 295 300 67 89 * 289|0.9811320754716981
289 292 295 300 67 89 * 288|0.9811320754716981
288 289 300 466 67 * 292|0.9811320754716981
288 292 300 466 67 * 289|0.9811320754716981
289 349 67 * 288|0.9807692307692307
288 349 67 * 289|0.9807692307692307
349 466 89 * 289|0.9807692307692307
288 292 349 466 * 289|0.9807692307692307
289 306 333 * 288|0.9807692307692307
288 289 300 302 466 * 292|0.9807692307692307
257 289 292 466 * 288|0.9807692307692307
289 291 292 295 300 * 288|0.9807692307692307
289 300 67 701 * 292|0.9807692307692307
292 295 300 701 89 * 288|0.9807692307692307
292 295 299 89 * 289|0.9803921568627451
288 291 349 * 289|0.9803921568627451
257 295 300 89 * 288 289|0.9803921568627451
257 289 295 300 89 * 288|0.9803921568627451
295 300 679 * 288|0.9803921568627451
288 292 295 466 701 * 289|0.9803921568627451
289 292 295 466 701 * 288|0.9803921568627451
288 292 67 89 * 289|0.978494623655914
288 295 466 * 289|0.9777777777777777
288 292 349 * 289|0.9770114942528736
289 292 295 466 * 288|0.9753086419753086
288 349 89 * 289|0.974025974025974
288 295 300 466 * 289|0.9736842105263158
288 292 295 89 * 289|0.9734513274336283
292 295 67 89 * 289|0.9733333333333334
292 300 67 89 * 289|0.9733333333333334
289 292 295 349 * 288|0.9726027397260274
288 292 295 349 * 289|0.9726027397260274
289 292 466 701 * 288|0.9726027397260274
288 300 349 * 289|0.9722222222222222
288 292 300 67 89 * 289|0.971830985915493
289 292 295 300 * 288|0.9714285714285714
288 292 466 89 * 289|0.9714285714285714
257 289 295 89 * 288|0.9710144927536232
289 291 292 295 * 288|0.9710144927536232
288 292 349 89 * 289|0.9705882352941176
289 295 306 * 288|0.9705882352941176
289 292 295 466 89 * 288|0.9701492537313433
288 292 300 349 * 289|0.9696969696969697
292 299 89 * 289|0.9692307692307692
288 295 349 89 * 289|0.9692307692307692
288 295 300 89 * 289|0.96875
257 289 292 295 89 * 288|0.96875
288 292 300 679 * 289|0.96875
289 292 300 466 701 * 288|0.96875
289 295 299 * 292|0.9682539682539683
288 295 89 * 289|0.9682539682539683
288 292 295 306 * 289|0.9682539682539683
289 292 295 306 * 288|0.9682539682539683
288 291 292 89 * 289|0.967741935483871
288 466 701 89 * 289|0.967741935483871
288 292 466 67 * 289|0.967741935483871
288 300 306 466 * 289|0.9672131147540983
288 289 299 89 * 292|0.9666666666666667
289 295 300 349 * 288|0.9666666666666667
288 295 300 349 * 289|0.9666666666666667
288 289 295 302 * 292|0.9666666666666667
288 292 300 466 89 * 289|0.9662921348314607
288 292 295 349 89 * 289|0.9661016949152542
289 292 295 349 89 * 288|0.9661016949152542
289 292 306 466 * 288|0.9661016949152542
288 292 306 466 * 289|0.9661016949152542
257 289 295 300 * 288|0.9661016949152542
288 300 466 679 * 289|0.9661016949152542
288 300 349 89 * 289|0.9655172413793104
257 292 300 89 * 288 289|0.9655172413793104
257 289 292 300 89 * 288|0.9655172413793104
288 292 295 300 89 * 289|0.9655172413793104
289 292 295 300 333 * 288|0.9655172413793104
289 292 295 300 67 * 288|0.9655172413793104
288 289 295 300 67 * 292|0.9655172413793104
289 292 302 701 * 288|0.9649122807017544
292 300 302 701 * 288|0.9649122807017544
289 291 295 89 * 288|0.9649122807017544
288 291 295 89 * 289|0.9649122807017544
291 292 300 89 * 289|0.9649122807017544
289 291 295 300 * 288|0.9649122807017544
288 292 295 461 * 289|0.9649122807017544
288 295 300 461 * 289|0.9649122807017544
288 295 466 701 * 289|0.9649122807017544
289 292 466 701 89 * 288|0.9649122807017544
288 292 466 701 89 * 289|0.9649122807017544
292 295 67 * 289|0.9647058823529412
257 289 292 701 * 288|0.9642857142857143
289 295 300 67 89 * 288|0.9642857142857143
292 318 * 289|0.9636363636363636
288 318 * 289|0.9636363636363636
288 292 294 295 * 289|0.9636363636363636
288 292 295 300 349 * 289|0.9636363636363636
288 300 302 333 * 292|0.9636363636363636
257 288 295 67 * 289|0.9636363636363636
288 292 300 679 89 * 289|0.9636363636363636
292 300 333 701 * 288|0.9636363636363636
288 292 498 * 289|0.9636363636363636
289 295 349 * 288|0.9634146341463414
292 299 300 * 289|0.9629629629629629
288 292 89 * 289|0.9629629629629629
288 333 349 * 289|0.9629629629629629
288 292 300 306 466 * 289|0.9629629629629629
289 292 300 306 466 * 288|0.9629629629629629
288 289 302 333 * 292|0.9629629629629629
257 289 291 292 * 288|0.9629629629629629
257 288 292 295 300 * 289|0.9629629629629629
257 289 292 295 300 * 288|0.9629629629629629
288 291 292 295 89 * 289|0.9629629629629629
288 300 466 701 89 * 289|0.9629629629629629
288 289 295 300 67 89 * 292|0.9629629629629629
333 67 89 * 289|0.9629629629629629
292 523 * 289|0.9622641509433962
257 292 294 * 288|0.9622641509433962
257 289 299 * 292|0.9622641509433962
257 292 299 * 289|0.9622641509433962
289 292 349 466 * 288|0.9622641509433962
288 292 300 349 89 * 289|0.9622641509433962
289 292 300 349 89 * 288|0.9622641509433962
288 295 306 89 * 289|0.9622641509433962
289 295 306 89 * 288|0.9622641509433962
289 292 300 302 466 * 288|0.9622641509433962
288 291 295 302 * 292|0.9622641509433962
257 288 292 466 * 289|0.9622641509433962
257 291 295 * 288|0.9622641509433962
257 288 289 295 67 * 292|0.9622641509433962
288 291 292 300 89 * 289|0.9622641509433962
288 344 89 * 289|0.9622641509433962
292 300 67 701 * 289|0.9622641509433962
292 294 300 * 288|0.9615384615384616
289 295 299 89 * 292|0.9615384615384616
288 349 701 * 289|0.9615384615384616
257 295 349 * 288 289|0.9615384615384616
257 289 295 349 * 288|0.9615384615384616
292 333 349 * 289|0.9615384615384616
306 67 * 292|0.9615384615384616
288 300 306 * 289|0.9615384615384616
257 288 302 * 292|0.9615384615384616
291 302 89 * 289|0.9615384615384616
292 295 302 89 * 288|0.9615384615384616
289 291 292 701 * 288|0.9615384615384616
288 344 461 * 289|0.9615384615384616
292 461 466 89 * 289|0.9615384615384616
288 461 466 89 * 289|0.9615384615384616
288 292 300 466 679 * 289|0.9615384615384616
292 295 67 701 * 289|0.9615384615384616
257 289 292 89 * 288|0.9605263157894737
288 292 300 67 * 289|0.9605263157894737
288 349 * 289|0.96
257 288 292 295 * 289|0.96
288 300 679 * 289|0.9594594594594594
288 289 295 67 89 * 292|0.9583333333333334
288 289 300 67 89 * 292|0.9583333333333334
288 306 89 * 289|0.9577464788732394
288 461 89 * 289|0.9577464788732394
289 292 349 89 * 288|0.9565217391304348
288 300 461 466 * 289|0.9565217391304348
289 67 701 * 292|0.9565217391304348
289 292 300 349 * 288|0.9552238805970149
289 292 300 306 * 288|0.9552238805970149
288 292 300 306 * 289|0.9552238805970149
289 292 349 * 288|0.9550561797752809
289 299 89 * 292|0.9545454545454546
289 295 349 89 * 288|0.9545454545454546
289 295 300 333 * 288|0.9545454545454546
292 302 701 * 288|0.9538461538461539
257 289 292 300 * 288|0.9538461538461539
257 292 295 89 * 288 289|0.9538461538461539
289 295 461 * 288|0.9538461538461539
288 295 461 * 289|0.9538461538461539
288 292 295 300 * 289|0.9532710280373832
292 295 299 * 289|0.953125
288 292 461 466 * 289|0.953125
289 67 701 89 * 292|0.9523809523809523
288 292 295 300 701 * 289|0.9523809523809523
289 292 466 67 * 89|0.9523809523809523
288 292 67 * 289|0.9519230769230769
288 295 349 * 289|0.9518072289156626
288 292 461 * 289|0.9518072289156626
288 292 701 89 * 289|0.9518072289156626
288 292 300 89 * 289|0.9516129032258065
288 292 295 701 89 * 289|0.9516129032258065
289 292 295 701 89 * 288|0.9516129032258065
289 292 295 299 * 288|0.9508196721311475
288 292 295 299 * 289|0.9508196721311475
288 295 333 89 * 289|0.9508196721311475
289 295 300 67 * 292|0.9508196721311475
288 292 295 * 289|0.9507042253521126
288 295 333 * 289|0.9506172839506173
288 300 466 89 * 289|0.9504950495049505
288 466 89 * 289|0.9504132231404959
288 292 306 * 289|0.95
288 289 295 67 * 292|0.95
257 289 67 89 * 288|0.95
257 288 295 300 * 289|0.95
288 292 461 89 * 289|0.95
288 289 292 466 67 * 89|0.95
289 292 466 67 89 * 288|0.95
289 292 300 302 89 * 288|0.9491525423728814
257 288 466 * 289|0.9491525423728814
288 300 461 89 * 289|0.9491525423728814
288 292 300 461 466 * 289|0.9491525423728814
288 295 300 67 * 289 292|0.9491525423728814
292 300 333 466 89 * 289|0.9491525423728814
289 295 300 89 * 288|0.9489795918367347
289 295 300 466 * 288|0.9487179487179487
289 292 295 89 * 288|0.9482758620689655
288 292 302 466 * 300|0.9482758620689655
288 289 302 701 * 292|0.9482758620689655
288 289 291 302 * 292|0.9482758620689655
289 295 300 461 * 288|0.9482758620689655
289 295 466 701 * 288|0.9482758620689655
257 292 89 * 288 289|0.948051948051948
288 289 300 67 * 292|0.948051948051948
288 289 67 89 * 292|0.9479166666666666
289 294 89 * 288|0.9473684210526315
257 288 292 701 * 289|0.9473684210526315
257 288 289 67 89 * 292|0.9473684210526315
288 292 299 * 289|0.9466666666666667
288 289 299 * 292|0.9466666666666667
288 300 89 * 289|0.9466666666666667
288 300 701 89 * 289|0.9466666666666667
289 292 302 466 * 300|0.9464285714285714
292 300 302 333 * 288|0.9464285714285714
288 295 300 302 * 292|0.9464285714285714
292 295 300 302 * 288|0.9464285714285714
257 288 333 * 289|0.9464285714285714
257 289 295 67 * 288|0.9464285714285714
289 466 679 89 * 300|0.9464285714285714
300 466 679 89 * 289|0.9464285714285714
288 292 466 679 * 289|0.9464285714285714
288 289 292 679 89 * 300|0.9464285714285714
289 292 300 679 89 * 288|0.9464285714285714
288 295 300 701 89 * 289|0.9464285714285714
289 295 300 701 89 * 288|0.9464285714285714
288 292 295 333 89 * 289|0.9464285714285714
289 292 295 333 89 * 288|0.9464285714285714
289 295 466 * 288|0.946236559139785
288 292 466 * 289|0.9457364341085271
289 299 300 * 292|0.9454545454545454
288 289 291 295 89 * 292|0.9454545454545454
288 289 333 461 * 300|0.9454545454545454
288 295 679 * 289|0.9454545454545454
292 333 67 * 289|0.9454545454545454
289 300 466 67 89 * 292|0.9454545454545454
289 292 300 466 67 * 89|0.9454545454545454
288 292 300 333 466 89 * 289|0.9454545454545454
289 292 295 67 89 * 288|0.9452054794520548
289 292 300 67 89 * 288|0.9452054794520548
288 289 292 300 67 * 89|0.9452054794520548
289 292 300 466 89 * 288|0.945054945054945
289 292 300 466 * 288|0.944954128440367
288 292 300 466 * 289|0.944954128440367
292 310 * 288|0.9444444444444444
291 294 * 288|0.9444444444444444
288 289 292 302 466 * 300|0.9444444444444444
291 292 295 302 * 288|0.9444444444444444
257 292 295 67 * 288 289|0.9444444444444444
257 289 292 295 67 * 288|0.9444444444444444
288 289 291 300 89 * 292|0.9444444444444444
288 292 300 461 * 289|0.9444444444444444
300 461 466 89 * 289|0.9444444444444444
288 292 295 333 * 289|0.9444444444444444
288 300 461 * 289|0.9438202247191011
288 291 292 295 * 289|0.9436619718309859
289 294 300 * 288|0.9433962264150944
257 289 294 * 288|0.9433962264150944
295 325 * 289|0.9433962264150944
288 325 333 * 292|0.9433962264150944
289 291 349 * 288|0.9433962264150944
289 349 701 * 288|0.9433962264150944
300 306 333 * 288|0.9433962264150944
288 289 306 701 * 300|0.9433962264150944
288 300 306 701 * 289|0.9433962264150944
289 300 306 701 * 288|0.9433962264150944
257 289 302 * 292|0.9433962264150944
302 701 89 * 288|0.9433962264150944
288 295 302 89 * 292|0.9433962264150944
291 292 466 * 288|0.9433962264150944
288 289 291 701 * 292|0.9433962264150944
292 344 466 * 289|0.9433962264150944
288 300 344 466 * 289|0.9433962264150944
288 333 344 * 300|0.9433962264150944
288 289 292 466 679 * 300|0.9433962264150944
289 292 300 466 679 * 288|0.9433962264150944
295 67 701 * 289 292|0.9433962264150944
288 333 466 701 * 300|0.9433962264150944
300 333 466 701 * 288|0.9433962264150944
288 295 306 * 289|0.9428571428571428
291 292 89 * 289|0.9428571428571428
289 295 300 * 288|0.9421487603305785
288 295 300 * 289|0.9421487603305785
300 679 89 * 289|0.9420289855072463
289 306 466 * 288|0.9411764705882353
289 292 300 701 * 288|0.9411764705882353
288 295 701 89 * 289|0.9411764705882353
288 292 300 701 89 * 289|0.9411764705882353
289 292 300 701 89 * 288|0.9411764705882353
289 299 * 292|0.9404761904761905
292 299 * 289|0.9404761904761905
257 289 295 * 288|0.9404761904761905
288 292 302 89 * 289|0.9402985074626866
289 292 302 89 * 288|0.9402985074626866
300 466 679 * 289|0.9402985074626866
288 295 300 333 * 289|0.9402985074626866
292 466 67 * 289|0.9402985074626866
257 288 292 300 * 289|0.9393939393939394
300 333 466 89 * 289|0.9393939393939394
288 300 302 89 * 289|0.9384615384615385
257 288 289 67 * 292|0.9384615384615385
289 292 306 * 288|0.9382716049382716
289 300 306 * 288|0.9375
257 289 300 89 * 288|0.9375
289 466 67 89 * 292|0.9375
288 701 89 * 289|0.9368421052631579
289 300 306 466 * 288|0.9365079365079365
288 292 67 701 * 289|0.9365079365079365
289 295 67 89 * 292|0.9358974358974359
289 292 466 89 * 288|0.9357798165137615
289 302 466 * 300|0.9354838709677419
289 292 295 302 * 288|0.9354838709677419
257 289 701 * 288|0.9354838709677419
257 289 291 * 288|0.9354838709677419
289 295 333 89 * 288|0.9354838709677419
289 295 300 466 89 * 288|0.9354838709677419
257 289 292 295 * 288|0.935064935064935
289 292 294 * 288|0.9344262295081968
288 294 295 * 289|0.9344262295081968
289 300 306 89 * 288|0.9344262295081968
288 289 466 679 * 300|0.9344262295081968
288 292 333 89 * 289|0.9342105263157895
257 288 292 * 289|0.9340659340659341
292 67 89 * 289|0.9339622641509434
288 292 300 302 89 * 289|0.9333333333333333
257 288 289 300 89 * 292|0.9333333333333333
289 292 300 461 466 * 288|0.9333333333333333
288 292 295 300 333 * 289|0.9333333333333333
289 295 466 89 * 288|0.9333333333333333
288 289 333 466 89 * 300|0.9333333333333333
288 302 89 * 289|0.9324324324324325
257 288 300 * 289|0.9324324324324325
257 289 300 * 288|0.9324324324324325
288 89 * 289|0.9323671497584541
288 300 302 701 * 292|0.9322033898305084
291 292 701 * 288|0.9322033898305084
289 295 67 * 292|0.9318181818181818
289 292 295 333 * 288|0.9315068493150684
292 300 333 89 * 289|0.9315068493150684
289 292 466 * 288|0.9312977099236641
289 292 295 * 288|0.9310344827586207
257 289 349 * 288|0.9310344827586207
257 288 289 701 * 292|0.9310344827586207
289 466 701 * 288|0.9310344827586207
288 289 295 300 466 89 * 292|0.9310344827586207
288 289 291 295 * 292|0.9305555555555556
257 289 89 * 288|0.9302325581395349
288 289 292 294 * 295|0.9298245614035088
288 289 294 295 * 292|0.9298245614035088
288 306 701 * 289|0.9298245614035088
292 300 302 466 * 289|0.9298245614035088
288 291 300 302 * 292|0.9298245614035088
300 333 461 466 * 289|0.9298245614035088
289 292 466 679 * 288|0.9298245614035088
289 300 333 701 * 288|0.9298245614035088
257 288 295 * 289|0.9294117647058824
288 292 300 * 289|0.9290322580645162
289 292 302 333 * 288|0.9285714285714286
257 288 291 292 * 289|0.9285714285714286
289 295 679 * 288|0.9285714285714286
289 292 333 701 * 288|0.9285714285714286
288 289 292 295 300 67 * 89|0.9285714285714286
288 289 295 466 89 * 292|0.9285714285714286
300 466 67 89 * 289 292|0.9285714285714286
292 300 466 67 * 289 89|0.9285714285714286
288 289 292 333 466 89 * 300|0.9285714285714286
288 289 300 333 466 89 * 292|0.9285714285714286
289 292 300 333 466 89 * 288|0.9285714285714286
288 292 * 289|0.9282296650717703
289 295 333 * 288|0.927710843373494
289 295 701 89 * 288|0.927536231884058
288 289 349 466 * 292|0.9272727272727272
288 292 300 302 466 * 289|0.9272727272727272
289 291 292 300 89 * 288|0.9272727272727272
288 289 291 295 300 * 292|0.9272727272727272
288 291 292 295 300 * 289|0.9272727272727272
289 292 295 67 * 288|0.926829268292683
288 295 302 * 292|0.9264705882352942
292 295 302 * 288|0.9264705882352942
288 300 344 * 289|0.9264705882352942
289 466 679 * 300|0.9264705882352942
289 466 67 * 292|0.9264705882352942
288 289 292 333 466 * 300|0.9264705882352942
289 292 300 333 466 * 288|0.9264705882352942
288 306 * 289|0.9263157894736842
325 89 * 289|0.9259259259259259
257 288 289 349 * 295|0.9259259259259259
289 349 89 * 288|0.9259259259259259
288 306 333 * 300|0.9259259259259259
257 292 302 * 289|0.9259259259259259
288 300 461 701 * 289|0.9259259259259259
289 300 461 701 * 288|0.9259259259259259
288 302 701 * 292|0.9253731343283582
257 288 289 295 89 * 292|0.9253731343283582
288 289 292 679 * 300|0.9253731343283582
289 292 300 679 * 288|0.9253731343283582
288 292 300 466 701 * 289|0.9253731343283582
288 292 300 333 89 * 289|0.9253731343283582
288 289 333 466 * 300|0.925
288 289 295 306 * 292|0.9242424242424242
257 289 292 67 * 288|0.9242424242424242
289 292 461 466 * 288|0.9242424242424242
300 461 466 * 289|0.9240506329113924
289 292 300 67 * 89|0.9240506329113924
289 300 67 89 * 292|0.9240506329113924
288 291 295 * 289|0.9230769230769231
288 292 466 701 * 289|0.922077922077922
288 289 306 466 * 300|0.921875
288 289 295 701 89 * 292|0.921875
289 300 466 701 * 288|0.9210526315789473
289 292 299 89 * 288|0.9206349206349206
300 302 466 * 289|0.9206349206349206
288 292 295 302 * 289|0.9206349206349206
257 288 701 * 289|0.9206349206349206
257 288 291 * 289|0.9206349206349206
288 292 333 466 * 300|0.92
288 292 300 701 * 289|0.9195402298850575
288 289 292 67 * 89|0.9191919191919192
289 292 67 89 * 288|0.9191919191919192
289 306 89 * 288|0.918918918918919
289 292 300 461 * 288|0.918918918918919
288 291 292 * 289|0.9186046511627907
289 300 67 * 292|0.9186046511627907
289 292 701 89 * 288|0.9186046511627907
289 300 349 89 * 288|0.9180327868852459
288 289 300 302 89 * 292|0.9180327868852459
257 289 466 * 288|0.9180327868852459
288 289 292 461 466 * 300|0.9180327868852459
289 292 333 466 89 * 300|0.9180327868852459
289 292 300 302 * 288|0.9178082191780822
289 292 302 * 288|0.9176470588235294
288 292 701 * 289|0.9174311926605505
289 295 89 * 288|0.9172932330827067
288 292 325 * 289|0.9166666666666666
288 289 67 * 292|0.9166666666666666
289 291 292 302 * 288|0.9166666666666666
289 291 300 89 * 292|0.9166666666666666
288 291 295 300 * 289|0.9166666666666666
289 461 701 * 288|0.9166666666666666
288 461 701 * 289|0.9166666666666666
292 67 701 * 289|0.9166666666666666
288 295 * 289|0.9161676646706587
289 294 * 288|0.9154929577464789
288 289 292 67 701 * 89|0.9152542372881356
289 292 300 89 * 288|0.9147286821705426
289 349 * 288|0.9142857142857143
288 289 300 349 * 292|0.9142857142857143
288 289 295 300 349 * 292|0.9137931034482759
289 306 701 * 288|0.9137931034482759
289 300 302 466 * 292|0.9137931034482759
291 292 300 302 * 288|0.9137931034482759
289 333 461 466 * 300|0.9137931034482759
288 292 679 89 * 289 300|0.9137931034482759
288 289 295 333 89 * 292|0.9137931034482759
288 292 300 333 466 * 289|0.9130434782608695
257 288 289 89 * 292|0.9125
289 333 349 * 288|0.9122807017543859
288 289 292 306 466 * 300|0.9122807017543859
288 289 295 300 306 * 292|0.9122807017543859
257 288 289 295 300 * 292|0.9122807017543859
288 300 333 461 * 289|0.9122807017543859
289 333 67 * 292|0.9122807017543859
289 291 292 300 * 288|0.9117647058823529
289 333 466 89 * 300|0.9117647058823529
289 292 300 333 89 * 288|0.9117647058823529
257 288 289 295 * 292|0.9113924050632911
289 523 * 292|0.9107142857142857
289 295 * 288|0.9107142857142857
288 289 300 349 89 * 292|0.9107142857142857
257 288 289 466 * 292|0.9107142857142857
300 344 89 * 289|0.9107142857142857
288 466 701 * 289|0.9101123595505618
288 300 466 * 289|0.9097744360902256
289 310 * 288|0.9090909090909091
288 294 300 * 289|0.9090909090909091
289 300 349 * 288|0.9090909090909091
289 292 701 * 288|0.9090909090909091
302 333 89 * 289|0.9090909090909091
291 300 701 * 288|0.9090909090909091
288 291 292 701 * 289|0.9090909090909091
289 291 292 89 * 288|0.9090909090909091
288 289 291 89 * 292|0.9090909090909091
288 289 461 701 * 300|0.9090909090909091
292 300 333 461 * 289|0.9090909090909091
288 300 466 701 * 289|0.9090909090909091
288 289 295 300 701 * 292|0.9090909090909091
288 289 295 466 701 * 292|0.9090909090909091
289 466 701 89 * 288|0.9090909090909091
288 289 292 295 67 * 89|0.9078947368421053
288 466 * 289|0.90625
288 289 300 302 * 292|0.9054054054054054
288 289 295 300 466 * 292|0.9054054054054054
288 292 294 * 289|0.9047619047619048
288 289 295 349 89 * 292|0.9047619047619048
289 292 300 333 * 288|0.9047619047619048
289 300 466 679 * 288|0.9047619047619048
288 300 498 * 289|0.9047619047619048
257 289 67 * 292|0.9041095890410958
288 289 461 466 * 300|0.9041095890410958
289 300 461 466 * 288|0.9041095890410958
288 289 295 300 89 * 292|0.9032258064516129
257 288 289 292 300 * 89|0.9032258064516129
289 292 679 89 * 300|0.9032258064516129
289 300 333 466 89 * 292|0.9032258064516129
288 300 333 466 * 289|0.9024390243902439
288 300 701 * 289|0.9019607843137255
289 300 701 * 288|0.9019607843137255
288 289 325 * 292|0.9016393442622951
288 289 295 89 * 292|0.9016393442622951
288 291 701 * 292|0.9016393442622951
288 289 300 701 89 * 292|0.9014084507042254
288 291 * 289|0.900990099009901
288 300 * 289|0.900497512437811
289 292 67 701 89 * 288|0.9
288 292 333 * 289|0.898989898989899
289 292 299 * 288|0.8987341772151899
288 289 295 349 * 292|0.8987341772151899
288 289 679 * 300|0.8987341772151899
289 300 679 * 288|0.8987341772151899
289 300 701 89 * 288|0.8987341772151899
292 325 * 289|0.8985507246376812
288 291 292 300 * 289|0.8985507246376812
257 288 289 300 * 292|0.8985507246376812
288 289 300 333 89 * 292|0.8985507246376812
288 292 302 333 * 300|0.8983050847457628
257 289 333 * 288|0.8983050847457628
288 289 300 679 89 * 292|0.8983050847457628
289 306 * 288|0.8979591836734694
288 289 295 466 * 292|0.8977272727272727
288 291 300 * 289|0.8974358974358975
289 300 302 89 * 288|0.8970588235294118
257 288 67 * 289 292|0.8970588235294118
288 292 302 * 289|0.896551724137931
257 288 289 291 * 292|0.896551724137931
291 300 466 * 289|0.896551724137931
289 291 466 * 300|0.896551724137931
289 300 466 701 89 * 288|0.896551724137931
289 300 466 67 * 292 89|0.896551724137931
289 466 498 * 300|0.896551724137931
300 466 498 * 289|0.896551724137931
288 289 300 466 89 * 292|0.8958333333333334
325 466 * 289|0.8947368421052632
257 289 292 * 288|0.8947368421052632
288 289 295 300 * 292|0.8947368421052632
289 461 466 89 * 300|0.8947368421052632
289 292 300 * 288|0.8944099378881988
288 292 300 333 * 289|0.8941176470588236
300 306 466 * 288 289|0.8939393939393939
289 292 67 701 * 288|0.8939393939393939
288 292 300 302 * 289|0.8933333333333333
291 292 295 * 288 289|0.8933333333333333
257 288 294 * 289|0.8928571428571429
292 300 325 * 289|0.8928571428571429
291 461 * 289|0.8928571428571429
289 292 333 461 * 300|0.8928571428571429
289 333 466 * 300|0.8924731182795699
292 67 * 289|0.8923076923076924
300 344 466 * 289|0.8923076923076924
288 300 302 * 289|0.891566265060241
289 300 333 466 * 288|0.891566265060241
289 292 461 89 * 288|0.890625
288 294 * 289|0.8904109589041096
300 67 89 * 289 292|0.8902439024390244
289 302 333 * 292|0.8888888888888888
292 302 333 * 289|0.8888888888888888
288 289 292 302 89 * 300|0.8888888888888888
288 289 295 300 333 * 292|0.8888888888888888
289 291 292 * 288|0.8876404494382022
289 292 461 * 288|0.8876404494382022
300 679 * 289|0.8876404494382022
288 289 701 89 * 292|0.8876404494382022
288 289 333 89 * 292|0.8875
289 349 466 * 288|0.8870967741935484
288 292 302 701 * 300|0.8870967741935484
288 289 295 461 * 300|0.8870967741935484
288 289 291 300 * 292|0.8857142857142857
292 300 679 * 288 289|0.8857142857142857
288 289 300 466 701 * 292|0.8857142857142857
288 289 349 * 292|0.8854166666666666
257 288 289 292 67 * 89|0.8852459016393442
289 300 461 * 288|0.8842105263157894
288 289 302 89 * 300|0.8840579710144928
288 300 333 701 * 289|0.8833333333333333
288 289 333 701 * 300|0.8833333333333333
289 292 498 * 288|0.8833333333333333
288 289 295 333 * 292|0.8831168831168831
300 333 466 * 289|0.8829787234042553
288 289 295 * 292|0.8823529411764706
288 300 333 * 289|0.8823529411764706
289 292 89 * 288|0.8813559322033898
292 325 333 * 289|0.8813559322033898
289 325 333 * 292|0.8813559322033898
288 289 300 306 466 * 292|0.8813559322033898
288 292 333 466 89 * 289 300|0.8813559322033898
288 289 349 89 * 292|0.88
289 291 89 * 292|0.88
288 701 * 289|0.8796992481203008
289 461 466 * 300|0.8795180722891566
300 344 461 * 289|0.8793103448275862
289 344 466 * 300|0.8787878787878788
288 289 344 466 * 300|0.8771929824561403
288 289 300 466 679 * 292|0.8771929824561403
288 289 294 * 292|0.8769230769230769
257 288 289 * 292|0.8762886597938144
289 67 89 * 292|0.8761061946902655
289 291 300 * 288|0.875
289 302 89 * 288|0.8734177215189873
300 333 461 * 289|0.8732394366197183
289 333 461 * 300|0.8732394366197183
288 289 300 679 * 292|0.8732394366197183
288 289 292 466 701 * 300|0.8732394366197183
288 289 292 333 89 * 300|0.8732394366197183
289 300 466 89 * 288|0.8727272727272727
289 701 89 * 288|0.8725490196078431
289 300 333 89 * 292|0.8717948717948718
300 461 * 289|0.8715596330275229
289 300 89 * 288|0.8711656441717791
289 333 344 * 300|0.8709677419354839
289 300 466 * 288|0.8705035971223022
288 289 300 701 * 292|0.8695652173913043
288 333 701 * 289|0.8695652173913043
288 300 679 89 * 289 292|0.8688524590163934
288 289 291 * 292|0.8681318681318682
289 701 * 288|0.8666666666666667
288 292 344 * 300|0.8666666666666667
289 679 89 * 300|0.8666666666666667
288 292 333 701 * 289|0.8666666666666667
288 289 466 701 89 * 300|0.8666666666666667
288 289 466 701 * 300|0.8641975308641975
288 289 292 349 89 * 295|0.8636363636363636
289 300 344 466 * 288|0.8620689655172413
289 300 461 89 * 288|0.8615384615384616
289 300 679 89 * 292|0.8615384615384616
257 288 289 292 295 * 89|0.8611111111111112
288 289 292 461 * 300|0.8607594936708861
289 461 89 * 288|0.8607594936708861
288 289 302 * 300|0.8604651162790697
289 300 302 * 288|0.8604651162790697
288 289 292 302 * 300|0.8589743589743589
257 289 * 288|0.8584070796460177
289 466 89 * 288|0.8582089552238806
289 292 333 * 288|0.8557692307692307
289 300 333 461 * 466|0.8548387096774194
288 289 679 89 * 292 300|0.8548387096774194
288 289 292 300 679 * 89|0.8548387096774194
288 289 701 * 292|0.8547008547008547
288 289 292 333 * 300|0.8539325842696629
289 292 67 * 89|0.853448275862069
288 289 300 306 * 292|0.8533333333333334
288 289 292 295 306 * 300|0.8524590163934426
288 289 306 * 300|0.8522727272727273
289 302 * 288|0.8514851485148515
289 292 333 466 * 288 300|0.8513513513513513
288 289 300 333 466 * 292|0.8513513513513513
288 289 291 292 89 * 300|0.85
257 288 289 292 89 * 295|0.8493150684931506
288 289 300 461 466 * 292|0.8484848484848485
289 292 679 * 288|0.8481012658227848
288 289 292 295 466 * 300|0.8481012658227848
288 310 * 289|0.847457627118644
298 89 * 289|0.847457627118644
257 288 289 292 * 295|0.8470588235294118
288 289 300 333 * 292|0.8444444444444444
288 289 292 466 * 300|0.8442622950819673
498 89 * 289|0.84375
288 289 292 466 89 * 300|0.8431372549019608
288 289 292 306 * 300|0.8421052631578947
289 300 * 288|0.8418604651162791
288 289 333 * 300|0.8411214953271028
289 300 333 * 288|0.8411214953271028
288 289 344 * 300|0.84
288 289 461 * 300|0.84
289 292 333 89 * 300|0.8395061728395061
289 292 325 * 333|0.8387096774193549
288 289 292 300 333 89 * 466|0.8387096774193549
288 289 306 89 * 300|0.8382352941176471
288 289 498 * 300|0.8382352941176471
289 466 * 288|0.838150289017341
288 291 292 302 * 295|0.8360655737704918
288 289 292 300 302 * 89|0.835820895522388
288 289 292 349 * 295|0.8352941176470589
288 289 292 300 466 * 89|0.8349514563106796
288 289 466 89 * 300|0.8347826086956521
288 289 466 * 300|0.8344827586206897
301 * 292|0.8333333333333334
289 300 325 * 292|0.8333333333333334
288 292 306 89 * 300|0.8333333333333334
289 292 344 * 300|0.8333333333333334
288 289 300 89 * 292|0.8309859154929577
300 333 344 * 289|0.8307692307692308
288 289 292 295 466 89 * 300|0.8307692307692308
289 67 * 292|0.8285714285714286
291 300 333 * 289|0.828125
289 291 333 * 300|0.828125
289 300 498 * 288|0.8260869565217391
288 289 292 300 333 466 * 89|0.8253968253968254
300 344 * 289|0.8241758241758241
288 289 292 295 300 * 89|0.8235294117647058
288 289 461 89 * 300|0.8235294117647058
288 289 292 300 461 * 466|0.8235294117647058
288 289 292 295 333 * 300|0.8235294117647058
289 292 306 89 * 300|0.8225806451612904
288 289 291 292 300 * 295|0.8225806451612904
289 344 89 * 300|0.8225806451612904
298 300 * 289|0.819672131147541
288 289 292 300 * 89|0.8194444444444444
288 289 292 299 * 89|0.8169014084507042
289 325 * 292|0.8157894736842105
288 289 292 300 333 * 89|0.8157894736842105
289 318 * 288|0.8153846153846154
288 289 292 295 * 89|0.8148148148148148
288 289 292 300 306 * 295|0.8125
288 289 292 701 89 * 300|0.810126582278481
289 344 461 * 300|0.8095238095238095
288 289 300 461 * 292|0.8095238095238095
289 292 * 288|0.8083333333333333
288 289 89 * 292|0.8082901554404145
289 89 * 288|0.8075313807531381
288 289 292 295 300 466 * 89|0.8059701492537313
288 289 292 * 89|0.8041237113402062
300 333 701 * 288 289|0.803030303030303
288 289 292 295 349 * 89|0.8028169014084507
257 292 * 288 289|0.8018867924528302
288 289 292 701 * 300|0.8
288 289 292 300 701 * 89|0.8
288 289 292 300 349 * 89|0.796875
289 333 89 * 300|0.7959183673469388
291 292 302 * 295|0.7941176470588235
288 289 300 344 * 466|0.7936507936507936
288 289 300 466 * 89|0.7933884297520661
289 461 * 300|0.7916666666666666
292 333 89 * 289 300|0.7906976744186046
300 333 * 289|0.7867647058823529
288 289 291 292 * 300|0.7848101265822784
288 291 302 * 292 295|0.7846153846153846
288 289 300 * 89|0.7845303867403315
289 298 * 300|0.78125
289 344 * 300|0.7731958762886598
288 289 292 295 89 * 300|0.7636363636363637
288 289 291 292 295 * 300|0.7611940298507462
288 289 * 89|0.7598425196850394
289 679 * 300|0.7596153846153846
288 289 292 67 89 * 300|0.7582417582417582
288 289 292 89 * 300|0.7564102564102564
544 * 289|0.7536231884057971
288 289 292 295 67 89 * 300|0.7536231884057971
288 289 292 300 67 89 * 295|0.7536231884057971
289 333 * 300|0.7482517482517482
300 302 * 288 289|0.7474747474747475
89 * 289|0.7445482866043613
300 498 * 289|0.7419354838709677
289 295 300 701 * 466|0.7391304347826086
289 300 344 * 333|0.72
288 295 300 701 * 466|0.704225352112676
288 289 292 295 701 * 466|0.6666666666666666
288 289 295 701 * 466|0.6626506024096386
289 295 701 * 466|0.6590909090909091
424 * 207|0.6547619047619048
288 289 292 295 300 89 * 466|0.6428571428571429
289 292 295 701 * 288 466|0.6410256410256411
288 292 295 701 * 289 466|0.6410256410256411
289 * 89|0.6373333333333333
333 498 * 289|0.6276595744680851
288 295 701 * 289 466|0.6111111111111112
288 289 292 300 466 89 * 333|0.6046511627906976
1412 * 227|0.5777777777777777
163 * 227|0.5398230088495575
288 289 292 300 89 * 333|0.5254237288135594
917 * 707|0.5102040816326531
289 291 * 344|0.48623853211009177
707 * 917|0.47619047619047616
173 * 190|0.391304347826087
377 * 498|0.375
190 * 227|0.33507853403141363
227 * 190|0.23616236162361623